max_reward  5.0807692307692305
max_reward_configuration  low-mem-medium-cpu
max_reward_done  True
min_response_time  0.0
min_response_time_configuration  high-mem-high-cpu


[[  5.84   5.81   6.03   6.     1.     1.     1.     1.  ]
 [  1.     1.     1.     1.     1.     1.     1.     1.  ]
 [  5.66   5.79   5.73   5.83   1.   -94.27   1.     1.  ]
 [  1.     1.     1.     1.     1.     1.     1.     1.  ]
 [  5.67   5.83   5.76   5.87   1.     1.     1.   -94.27]
 [  1.     1.     1.     1.     1.     1.     1.     1.  ]
 [  1.     1.     1.     1.     1.     1.     1.     1.  ]
 [  1.     1.     1.     1.     1.     1.     1.     1.  ]
 [  1.     1.     1.     1.     1.     1.     1.     1.  ]
 [  1.     1.     1.     1.     1.     1.     1.     1.  ]
 [  1.     1.     1.     1.     1.     1.     1.     1.  ]
 [  1.     1.     1.     1.     1.     1.     1.     1.  ]
 [  1.     1.     1.     1.     1.     1.     1.     1.  ]
 [  1.     1.     1.     1.     1.     1.     1.     1.  ]
 [  1.     1.     1.     1.     1.     1.     1.     1.  ]
 [  1.     1.     1.     1.     1.     1.     1.     1.  ]
 [  1.     1.     1.     1.     1.     1.     1.     1.  ]
 [  1.     1.     1.     1.     1.     1.     1.     1.  ]
 [  1.     1.     1.     1.     1.     1.     1.     1.  ]
 [  1.     1.     1.     1.     1.     1.     1.     1.  ]
 [  1.     1.     1.     1.     1.     1.     1.     1.  ]
 [  1.     1.     1.     1.     1.     1.     1.     1.  ]
 [  1.     1.     1.     1.     1.     1.     1.     1.  ]
 [  1.     1.     1.     1.     1.     1.     1.     1.  ]
 [  1.     1.     1.     1.     1.     1.     1.     1.  ]
 [  1.     1.     1.     1.     1.     1.     1.     1.  ]
 [  1.     1.     1.     1.     1.     1.     1.     1.  ]
 [  1.     1.     1.     1.     1.     1.     1.     1.  ]
 [  1.     1.     1.     1.     1.     1.     1.     1.  ]
 [  1.     1.     1.     1.     1.     1.     1.     1.  ]
 [  1.     1.     1.     1.     1.     1.     1.     1.  ]
 [  1.     1.     1.     1.     1.     1.     1.     1.  ]
 [  1.     1.     1.     1.     1.     1.     1.     1.  ]
 [  1.     1.     1.     1.     1.     1.     1.     1.  ]
 [  1.     1.     1.     1.     1.     1.     1.     1.  ]
 [  1.     1.     1.     1.     1.     1.     1.     1.  ]
 [  1.     1.     1.     1.     1.     1.     1.     1.  ]
 [  1.     1.     1.     1.     1.     1.     1.     1.  ]
 [  1.     1.     1.     1.     1.     1.     1.     1.  ]
 [  1.     1.     1.     1.     1.     1.     1.     1.  ]
 [  1.     1.     1.     1.     1.     1.     1.     1.  ]
 [  1.     1.     1.     1.     1.     1.     1.     1.  ]
 [  1.     1.     1.     1.     1.     1.     1.     1.  ]
 [  1.     1.     1.     1.     1.     1.     1.     1.  ]
 [  1.     1.     1.     1.     1.     1.     1.     1.  ]
 [  1.     1.     1.     1.     1.     1.     1.     1.  ]
 [  1.     1.     1.     1.     1.     1.     1.     1.  ]
 [  1.     1.     1.     1.     1.     1.     1.     1.  ]
 [  1.     1.     1.     1.     1.     1.     1.     1.  ]
 [  1.     1.     1.     1.     1.     1.     1.     1.  ]
 [  1.     1.     1.     1.     1.     1.     1.     1.  ]
 [  1.     1.     1.     1.     1.     1.     1.     1.  ]
 [  1.     1.     1.     1.     1.     1.     1.     1.  ]
 [  1.     1.     1.     1.     1.     1.     1.     1.  ]
 [  1.     1.     1.     1.     1.     1.     1.     1.  ]
 [  1.     1.     1.     1.     1.     1.     1.     1.  ]
 [  1.     1.     1.     1.     1.     1.     1.     1.  ]
 [  1.     1.     1.     1.     1.     1.     1.     1.  ]
 [  1.     1.     1.     1.     1.     1.     1.     1.  ]
 [  1.     1.     1.     1.     1.     1.     1.     1.  ]
 [  1.     1.     1.     1.     1.     1.     1.     1.  ]
 [  1.     1.     1.     1.     1.     1.     1.     1.  ]
 [  1.     1.     1.     1.     1.     1.     1.     1.  ]
 [  1.     1.     1.     1.     1.     1.     1.     1.  ]
 [  1.     1.     1.     1.     1.     1.     1.     1.  ]
 [  1.     1.     1.     1.     1.     1.     1.     1.  ]
 [  1.     1.     1.     1.     1.     1.     1.     1.  ]
 [  1.     1.     1.     1.     1.     1.     1.     1.  ]
 [  1.     1.     1.     1.     1.     1.     1.     1.  ]
 [  1.     1.     1.     1.     1.     1.     1.     1.  ]
 [  1.     1.     1.     1.     1.     1.     1.     1.  ]
 [  1.     1.     1.     1.     1.     1.     1.     1.  ]
 [  1.     1.     1.     1.     1.     1.     1.     1.  ]
 [  1.     1.     1.     1.     1.     1.     1.     1.  ]
 [  1.     1.     1.     1.     1.     1.     1.     1.  ]
 [  1.     1.     1.     1.     1.     1.     1.     1.  ]
 [  1.     1.     1.     1.     1.     1.     1.     1.  ]
 [  1.     1.     1.     1.     1.     1.     1.     1.  ]
 [  1.     1.     1.     1.     1.     1.     1.     1.  ]
 [  1.     1.     1.     1.     1.     1.     1.     1.  ]
 [  1.     1.     1.     1.     1.     1.     1.     1.  ]
 [  1.     1.     1.     1.     1.     1.     1.     1.  ]
 [  1.     1.     1.     1.     1.     1.     1.     1.  ]
 [  1.     1.     1.     1.     1.     1.     1.     1.  ]
 [  1.     1.     1.     1.     1.     1.     1.     1.  ]
 [  1.     1.     1.     1.     1.     1.     1.     1.  ]
 [  1.     1.     1.     1.     1.     1.     1.     1.  ]
 [  1.     1.     1.     1.     1.     1.     1.     1.  ]
 [  1.     1.     1.     1.     1.     1.     1.     1.  ]
 [  1.     1.     1.     1.     1.     1.     1.     1.  ]
 [  1.     1.     1.     1.     1.     1.     1.     1.  ]
 [  1.     1.     1.     1.     1.     1.     1.     1.  ]
 [  1.     1.     1.     1.     1.     1.     1.     1.  ]
 [  1.     1.     1.     1.     1.     1.     1.     1.  ]
 [  1.     1.     1.     1.     1.     1.     1.     1.  ]
 [  1.     1.     1.     1.     1.     1.     1.     1.  ]
 [  1.     1.     1.     1.     1.     1.     1.     1.  ]
 [  1.     1.     1.     1.     1.     1.     1.     1.  ]
 [  1.     1.     1.     1.     1.     1.     1.     1.  ]
 [  1.     1.     1.     1.     1.     1.     1.     1.  ]
 [  1.     1.     1.     1.     1.     1.     1.     1.  ]
 [  1.     1.     1.     1.     1.     1.     1.     1.  ]
 [  1.     1.     1.     1.     1.     1.     1.     1.  ]
 [  1.     1.     1.     1.     1.     1.     1.     1.  ]
 [  1.     1.     1.     1.     1.     1.     1.     1.  ]
 [  1.     1.     1.     1.     1.     1.     1.     1.  ]
 [  1.     1.     1.     1.     1.     1.     1.     1.  ]
 [  1.     1.     1.     1.     1.     1.     1.     1.  ]
 [  1.     1.     1.     1.     1.     1.     1.     1.  ]
 [  1.     1.     1.     1.     1.     1.     1.     1.  ]
 [  1.     1.     1.     1.     1.     1.     1.     1.  ]
 [  1.     1.     1.     1.     1.     1.     1.     1.  ]
 [  1.     1.     1.     1.     1.     1.     1.     1.  ]
 [  1.     1.     1.     1.     1.     1.     1.     1.  ]
 [  1.     1.     1.     1.     1.     1.     1.     1.  ]
 [  1.     1.     1.     1.     1.     1.     1.     1.  ]
 [  1.     1.     1.     1.     1.     1.     1.     1.  ]
 [  1.     1.     1.     1.     1.     1.     1.     1.  ]
 [  1.     1.     1.     1.     1.     1.     1.     1.  ]
 [  1.     1.     1.     1.     1.     1.     1.     1.  ]
 [  1.     1.     1.     1.     1.     1.     1.     1.  ]
 [  1.     1.     1.     1.     1.     1.     1.     1.  ]
 [  1.     1.     1.     1.     1.     1.     1.     1.  ]
 [  1.     1.     1.     1.     1.     1.     1.     1.  ]
 [  1.     1.     1.     1.     1.     1.     1.     1.  ]
 [  1.     1.     1.     1.     1.     1.     1.     1.  ]
 [  1.     1.     1.     1.     1.     1.     1.     1.  ]
 [  1.     1.     1.     1.     1.     1.     1.     1.  ]
 [  1.     1.     1.     1.     1.     1.     1.     1.  ]
 [  1.     1.     1.     1.     1.     1.     1.     1.  ]
 [  1.     1.     1.     1.     1.     1.     1.     1.  ]
 [  1.     1.     1.     1.     1.     1.     1.     1.  ]
 [  1.     1.     1.     1.     1.     1.     1.     1.  ]
 [  1.     1.     1.     1.     1.     1.     1.     1.  ]
 [  1.     1.     1.     1.     1.     1.     1.     1.  ]
 [  1.     1.     1.     1.     1.     1.     1.     1.  ]
 [  1.     1.     1.     1.     1.     1.     1.     1.  ]
 [  1.     1.     1.     1.     1.     1.     1.     1.  ]
 [  1.     1.     1.     1.     1.     1.     1.     1.  ]
 [  1.     1.     1.     1.     1.     1.     1.     1.  ]
 [  1.     1.     1.     1.     1.     1.     1.     1.  ]
 [  1.     1.     1.     1.     1.     1.     1.     1.  ]
 [  1.     1.     1.     1.     1.     1.     1.     1.  ]
 [  1.     1.     1.     1.     1.     1.     1.     1.  ]
 [  1.     1.     1.     1.     1.     1.     1.     1.  ]
 [  1.     1.     1.     1.     1.     1.     1.     1.  ]
 [  1.     1.     1.     1.     1.     1.     1.     1.  ]
 [  1.     1.     1.     1.     1.     1.     1.     1.  ]
 [  1.     1.     1.     1.     1.     1.     1.     1.  ]
 [  1.     1.     1.     1.     1.     1.     1.     1.  ]
 [  1.     1.     1.     1.     1.     1.     1.     1.  ]
 [  1.     1.     1.     1.     1.     1.     1.     1.  ]
 [  1.     1.     1.     1.     1.     1.     1.     1.  ]
 [  1.     1.     1.     1.     1.     1.     1.     1.  ]
 [  1.     1.     1.     1.     1.     1.     1.     1.  ]
 [  1.     1.     1.     1.     1.     1.     1.     1.  ]
 [  1.     1.     1.     1.     1.     1.     1.     1.  ]
 [  1.     1.     1.     1.     1.     1.     1.     1.  ]
 [  1.     1.     1.     1.     1.     1.     1.     1.  ]
 [  1.     1.     1.     1.     1.     1.     1.     1.  ]
 [  1.     1.     1.     1.     1.     1.     1.     1.  ]
 [  1.     1.     1.     1.     1.     1.     1.     1.  ]
 [  1.     1.     1.     1.     1.     1.     1.     1.  ]
 [  1.     1.     1.     1.     1.     1.     1.     1.  ]
 [  1.     1.     1.     1.     1.     1.     1.     1.  ]
 [  1.     1.     1.     1.     1.     1.     1.     1.  ]
 [  1.     1.     1.     1.     1.     1.     1.     1.  ]
 [  1.     1.     1.     1.     1.     1.     1.     1.  ]
 [  1.     1.     1.     1.     1.     1.     1.     1.  ]
 [  1.     1.     1.     1.     1.     1.     1.     1.  ]
 [  1.     1.     1.     1.     1.     1.     1.     1.  ]
 [  1.     1.     1.     1.     1.     1.     1.     1.  ]
 [  1.     1.     1.     1.     1.     1.     1.     1.  ]
 [  1.     1.     1.     1.     1.     1.     1.     1.  ]
 [  1.     1.     1.     1.     1.     1.     1.     1.  ]
 [  1.     1.     1.     1.     1.     1.     1.     1.  ]
 [  1.     1.     1.     1.     1.     1.     1.     1.  ]
 [  1.     1.     1.     1.     1.     1.     1.     1.  ]
 [  1.     1.     1.     1.     1.     1.     1.     1.  ]
 [  1.     1.     1.     1.     1.     1.     1.     1.  ]
 [  1.     1.     1.     1.     1.     1.     1.     1.  ]
 [  1.     1.     1.     1.     1.     1.     1.     1.  ]
 [  1.     1.     1.     1.     1.     1.     1.     1.  ]
 [  1.     1.     1.     1.     1.     1.     1.     1.  ]
 [  1.     1.     1.     1.     1.     1.     1.     1.  ]
 [  1.     1.     1.     1.     1.     1.     1.     1.  ]
 [  1.     1.     1.     1.     1.     1.     1.     1.  ]
 [  1.     1.     1.     1.     1.     1.     1.     1.  ]
 [  1.     1.     1.     1.     1.     1.     1.     1.  ]
 [  1.     1.     1.     1.     1.     1.     1.     1.  ]
 [  1.     1.     1.     1.     1.     1.     1.     1.  ]
 [  1.     1.     1.     1.     1.     1.     1.     1.  ]
 [  1.     1.     1.     1.     1.     1.     1.     1.  ]
 [  1.     1.     1.     1.     1.     1.     1.     1.  ]
 [  1.     1.     1.     1.     1.     1.     1.     1.  ]
 [  1.     1.     1.     1.     1.     1.     1.     1.  ]
 [  1.     1.     1.     1.     1.     1.     1.     1.  ]
 [  1.     1.     1.     1.     1.     1.     1.     1.  ]
 [  1.     1.     1.     1.     1.     1.     1.     1.  ]
 [  1.     1.     1.     1.     1.     1.     1.     1.  ]
 [  1.     1.     1.     1.     1.     1.     1.     1.  ]
 [  1.     1.     1.     1.     1.     1.     1.     1.  ]
 [  1.     1.     1.     1.     1.     1.     1.     1.  ]
 [  1.     1.     1.     1.     1.     1.     1.     1.  ]
 [  1.     1.     1.     1.     1.     1.     1.     1.  ]
 [  1.     1.     1.     1.     1.     1.     1.     1.  ]
 [  1.     1.     1.     1.     1.     1.     1.     1.  ]
 [  1.     1.     1.     1.     1.     1.     1.     1.  ]
 [  1.     1.     1.     1.     1.     1.     1.     1.  ]
 [  1.     1.     1.     1.     1.     1.     1.     1.  ]
 [  1.     1.     1.     1.     1.     1.     1.     1.  ]
 [  1.     1.     1.     1.     1.     1.     1.     1.  ]
 [  1.     1.     1.     1.     1.     1.     1.     1.  ]
 [  1.     1.     1.     1.     1.     1.     1.     1.  ]
 [  1.     1.     1.     1.     1.     1.     1.     1.  ]
 [  1.     1.     1.     1.     1.     1.     1.     1.  ]
 [  1.     1.     1.     1.     1.     1.     1.     1.  ]
 [  1.     1.     1.     1.     1.     1.     1.     1.  ]
 [  1.     1.     1.     1.     1.     1.     1.     1.  ]
 [  1.     1.     1.     1.     1.     1.     1.     1.  ]
 [  1.     1.     1.     1.     1.     1.     1.     1.  ]
 [  1.     1.     1.     1.     1.     1.     1.     1.  ]
 [  1.     1.     1.     1.     1.     1.     1.     1.  ]
 [  1.     1.     1.     1.     1.     1.     1.     1.  ]
 [  1.     1.     1.     1.     1.     1.     1.     1.  ]
 [  1.     1.     1.     1.     1.     1.     1.     1.  ]
 [  1.     1.     1.     1.     1.     1.     1.     1.  ]
 [  1.     1.     1.     1.     1.     1.     1.     1.  ]
 [  1.     1.     1.     1.     1.     1.     1.     1.  ]
 [  1.     1.     1.     1.     1.     1.     1.     1.  ]
 [  1.     1.     1.     1.     1.     1.     1.     1.  ]
 [  1.     1.     1.     1.     1.     1.     1.     1.  ]
 [  1.     1.     1.     1.     1.     1.     1.     1.  ]
 [  1.     1.     1.     1.     1.     1.     1.     1.  ]
 [  1.     1.     1.     1.     1.     1.     1.     1.  ]
 [  1.     1.     1.     1.     1.     1.     1.     1.  ]
 [  1.     1.     1.     1.     1.     1.     1.     1.  ]
 [  1.     1.     1.     1.     1.     1.     1.     1.  ]
 [  1.     1.     1.     1.     1.     1.     1.     1.  ]
 [  1.     1.     1.     1.     1.     1.     1.     1.  ]
 [  1.     1.     1.     1.     1.     1.     1.     1.  ]
 [  1.     1.     1.     1.     1.     1.     1.     1.  ]
 [  1.     1.     1.     1.     1.     1.     1.     1.  ]
 [  1.     1.     1.     1.     1.     1.     1.     1.  ]
 [  1.     1.     1.     1.     1.     1.     1.     1.  ]
 [  1.     1.     1.     1.     1.     1.     1.     1.  ]
 [  1.     1.     1.     1.     1.     1.     1.     1.  ]
 [  1.     1.     1.     1.     1.     1.     1.     1.  ]
 [  1.     1.     1.     1.     1.     1.     1.     1.  ]
 [  1.     1.     1.     1.     1.     1.     1.     1.  ]
 [  1.     1.     1.     1.     1.     1.     1.     1.  ]
 [  1.     1.     1.     1.     1.     1.     1.     1.  ]
 [  1.     1.     1.     1.     1.     1.     1.     1.  ]
 [  1.     1.     1.     1.     1.     1.     1.     1.  ]
 [  1.     1.     1.     1.     1.     1.     1.     1.  ]
 [  1.     1.     1.     1.     1.     1.     1.     1.  ]
 [  1.     1.     1.     1.     1.     1.     1.     1.  ]
 [  1.     1.     1.     1.     1.     1.     1.     1.  ]
 [  1.     1.     1.     1.     1.     1.     1.     1.  ]
 [  1.     1.     1.     1.     1.     1.     1.     1.  ]
 [  1.     1.     1.     1.     1.     1.     1.     1.  ]
 [  1.     1.     1.     1.     1.     1.     1.     1.  ]
 [  1.     1.     1.     1.     1.     1.     1.     1.  ]
 [  1.     1.     1.     1.     1.     1.     1.     1.  ]
 [  1.     1.     1.     1.     1.     1.     1.     1.  ]
 [  1.     1.     1.     1.     1.     1.     1.     1.  ]
 [  1.     1.     1.     1.     1.     1.     1.     1.  ]
 [  1.     1.     1.     1.     1.     1.     1.     1.  ]
 [  1.     1.     1.     1.     1.     1.     1.     1.  ]
 [  1.     1.     1.     1.     1.     1.     1.     1.  ]
 [  1.     1.     1.     1.     1.     1.     1.     1.  ]
 [  1.     1.     1.     1.     1.     1.     1.     1.  ]
 [  1.     1.     1.     1.     1.     1.     1.     1.  ]
 [  1.     1.     1.     1.     1.     1.     1.     1.  ]
 [  1.     1.     1.     1.     1.     1.     1.     1.  ]
 [  1.     1.     1.     1.     1.     1.     1.     1.  ]
 [  1.     1.     1.     1.     1.     1.     1.     1.  ]
 [  1.     1.     1.     1.     1.     1.     1.     1.  ]
 [  1.     1.     1.     1.     1.     1.     1.     1.  ]
 [  1.     1.     1.     1.     1.     1.     1.     1.  ]
 [  1.     1.     1.     1.     1.     1.     1.     1.  ]
 [  1.     1.     1.     1.     1.     1.     1.     1.  ]
 [  1.     1.     1.     1.     1.     1.     1.     1.  ]
 [  1.     1.     1.     1.     1.     1.     1.     1.  ]
 [  1.     1.     1.     1.     1.     1.     1.     1.  ]
 [  1.     1.     1.     1.     1.     1.     1.     1.  ]
 [  1.     1.     1.     1.     1.     1.     1.     1.  ]
 [  1.     1.     1.     1.     1.     1.     1.     1.  ]
 [  1.     1.     1.     1.     1.     1.     1.     1.  ]
 [  1.     1.     1.     1.     1.     1.     1.     1.  ]
 [  1.     1.     1.     1.     1.     1.     1.     1.  ]
 [  1.     1.     1.     1.     1.     1.     1.     1.  ]
 [  1.     1.     1.     1.     1.     1.     1.     1.  ]
 [  1.     1.     1.     1.     1.     1.     1.     1.  ]
 [  1.     1.     1.     1.     1.     1.     1.     1.  ]
 [  1.     1.     1.     1.     1.     1.     1.     1.  ]
 [  1.     1.     1.     1.     1.     1.     1.     1.  ]
 [  1.     1.     1.     1.     1.     1.     1.     1.  ]
 [  1.     1.     1.     1.     1.     1.     1.     1.  ]
 [  1.     1.     1.     1.     1.     1.     1.     1.  ]
 [  1.     1.     1.     1.     1.     1.     1.     1.  ]
 [  1.     1.     1.     1.     1.     1.     1.     1.  ]
 [  1.     1.     1.     1.     1.     1.     1.     1.  ]
 [  1.     1.     1.     1.     1.     1.     1.     1.  ]
 [  1.     1.     1.     1.     1.     1.     1.     1.  ]
 [  1.     1.     1.     1.     1.     1.     1.     1.  ]
 [  1.     1.     1.     1.     1.     1.     1.     1.  ]
 [  1.     1.     1.     1.     1.     1.     1.     1.  ]
 [  1.     1.     1.     1.     1.     1.     1.     1.  ]
 [  1.     1.     1.     1.     1.     1.     1.     1.  ]
 [  1.     1.     1.     1.     1.     1.     1.     1.  ]
 [  1.     1.     1.     1.     1.     1.     1.     1.  ]
 [  1.     1.     1.     1.     1.     1.     1.     1.  ]
 [  1.     1.     1.     1.     1.     1.     1.     1.  ]
 [  1.     1.     1.     1.     1.     1.     1.     1.  ]
 [  1.     1.     1.     1.     1.     1.     1.     1.  ]
 [  1.     1.     1.     1.     1.     1.     1.     1.  ]
 [  1.     1.     1.     1.     1.     1.     1.     1.  ]
 [  1.     1.     1.     1.     1.     1.     1.     1.  ]
 [  1.     1.     1.     1.     1.     1.     1.     1.  ]
 [  1.     1.     1.     1.     1.     1.     1.     1.  ]
 [  1.     1.     1.     1.     1.     1.     1.     1.  ]
 [  1.     1.     1.     1.     1.     1.     1.     1.  ]
 [  1.     1.     1.     1.     1.     1.     1.     1.  ]
 [  1.     1.     1.     1.     1.     1.     1.     1.  ]
 [  1.     1.     1.     1.     1.     1.     1.     1.  ]
 [  1.     1.     1.     1.     1.     1.     1.     1.  ]
 [  1.     1.     1.     1.     1.     1.     1.     1.  ]
 [  1.     1.     1.     1.     1.     1.     1.     1.  ]
 [  1.     1.     1.     1.     1.     1.     1.     1.  ]
 [  1.     1.     1.     1.     1.     1.     1.     1.  ]
 [  1.     1.     1.     1.     1.     1.     1.     1.  ]
 [  1.     1.     1.     1.     1.     1.     1.     1.  ]
 [  1.     1.     1.     1.     1.     1.     1.     1.  ]
 [  1.     1.     1.     1.     1.     1.     1.     1.  ]
 [  1.     1.     1.     1.     1.     1.     1.     1.  ]
 [  1.     1.     1.     1.     1.     1.     1.     1.  ]
 [  1.     1.     1.     1.     1.     1.     1.     1.  ]
 [  1.     1.     1.     1.     1.     1.     1.     1.  ]
 [  1.     1.     1.     1.     1.     1.     1.     1.  ]
 [  1.     1.     1.     1.     1.     1.     1.     1.  ]]
The objective is feasible.
low-mem-medium-cpu 0.0 True
